00
00
00
00
00
00
00
00
00
00
00
00
00
00
00
00
00
00
00
00
80
01
60
00
00
00
00
00
00
60
30
00
00
00
00
00
FC
FF
FF
03
E0
00
00
00
00
E0
00
E0
70
00
40
00
60
00
0C
8C
03
00
70
20
00
F8
FF
FF
01
60
70
00
C0
FF
7F
00
00
8C
03
00
F0
7F
00
10
70
00
00
60
70
18
C0
60
70
00
20
8C
63
00
38
F0
00
00
70
00
E0
FF
FF
3F
C0
60
70
00
E0
FF
FF
00
1C
38
00
00
70
00
40
60
70
00
C0
60
70
00
60
8C
E3
00
0E
0C
00
00
70
00
00
60
70
00
C0
FF
7F
00
60
8C
63
00
06
0C
02
00
70
00
00
60
70
00
C0
60
70
00
60
8C
63
00
FF
FF
07
00
70
80
00
20
00
00
C0
60
70
00
60
8C
63
80
07
06
07
00
30
C0
01
70
00
00
C0
60
70
00
E0
FF
7F
C0
06
06
03
FE
FF
FF
03
70
38
00
C0
60
70
00
60
00
60
20
06
06
03
04
F0
01
00
38
38
0C
C0
FF
7F
00
20
60
00
00
06
06
03
00
F0
01
00
18
18
1E
C0
60
70
00
00
E0
00
00
06
06
03
00
F8
01
00
1C
18
07
40
60
B0
01
00
60
80
01
FE
FF
03
00
F8
01
00
1E
D8
03
FC
FF
FF
03
FE
FF
FF
03
06
00
07
00
D8
01
00
1E
F8
01
08
F8
00
00
04
F8
01
00
06
00
12
00
DC
01
00
1B
78
00
00
FC
01
00
00
7C
03
00
06
00
30
00
CC
01
80
19
1E
00
00
6E
03
00
00
6E
07
00
06
00
30
00
CE
01
C3
98
1F
00
00
66
07
00
00
67
0E
00
06
00
30
00
C6
01
63
D8
19
30
00
67
0E
00
80
63
3C
00
06
00
30
00
C7
01
03
1C
18
30
80
61
3C
00
E0
61
F8
01
06
00
70
80
C3
01
03
1C
18
30
E0
60
F8
00
70
60
F0
07
FE
FF
7F
C0
C1
01
03
1C
18
30
70
60
F0
03
1C
60
C0
01
FE
FF
3F
70
80
FF
07
1C
F8
7F
1C
60
E0
03
06
60
00
00
00
00
00
38
80
FF
03
1C
F0
3F
04
60
80
00
00
60
00
00
00
00
00
0E
00
00
00
1C
00
00
00
60
00
00
00
00
00
00
00
00
00
00
00
00
00
00
00
00
00
00
00
00
