00
00
00
00
00
00
00
00
00
00
00
00
00
00
00
00
00
00
00
70
00
00
60
00
00
00
0E
07
00
00
00
00
00
00
00
00
00
70
00
00
E0
00
00
00
0E
0E
01
04
00
06
00
00
00
00
00
70
C0
00
70
20
00
00
0E
86
01
FC
FF
07
00
00
00
00
FC
FF
FF
01
F0
7F
00
FE
FF
FF
03
0C
06
07
00
00
00
00
0C
70
00
00
38
F0
00
0C
0E
06
00
0C
06
07
00
00
00
00
00
70
30
00
1C
38
00
00
0E
06
00
0C
06
07
00
00
00
00
F0
FF
7F
00
0E
0C
00
00
0E
06
00
FC
FF
07
00
00
00
00
20
70
00
00
06
0C
02
00
00
60
00
0C
06
07
00
00
00
00
00
70
00
00
FF
FF
07
F0
FF
FF
00
0C
06
07
00
00
00
00
00
70
80
83
07
06
07
30
60
00
00
0C
06
07
00
00
00
00
FE
FF
FF
C7
06
06
03
C0
60
10
00
0C
06
07
00
00
00
00
C4
00
18
20
06
06
03
80
61
38
00
FC
FF
07
00
00
00
00
C0
FF
3F
00
06
06
03
80
63
38
00
0C
06
07
00
00
00
00
C0
01
18
00
06
06
03
00
67
1C
00
04
06
1B
00
00
00
00
C0
01
18
00
FE
FF
03
00
67
0C
C0
FF
FF
3F
00
00
00
00
80
01
18
00
06
00
07
00
67
06
81
80
0F
00
00
00
00
00
80
FF
1F
00
06
00
12
00
62
82
03
C0
1F
00
00
00
00
00
80
01
18
00
06
00
30
FE
FF
FF
03
E0
36
00
00
00
00
00
80
01
18
00
06
00
30
04
60
00
00
60
76
00
00
00
00
00
80
FF
1F
00
06
00
30
00
60
00
00
70
E6
00
00
00
00
00
80
01
18
00
06
00
30
00
60
00
00
18
C6
03
00
00
00
00
80
01
18
00
06
00
70
00
60
00
00
0E
86
0F
00
00
00
00
C0
01
18
00
FE
FF
7F
00
60
00
00
07
06
3F
00
00
00
00
C0
81
1F
00
FE
FF
3F
00
E0
00
C0
01
06
3E
00
00
00
00
C0
01
1E
00
00
00
00
00
E0
00
40
00
06
08
00
00
00
00
C0
01
0C
00
00
00
00
00
60
00
00
00
06
00
00
00
00
00
00
00
00
00
00
00
00
00
00
00
00
00
00
00
00
00
00
00
