00
00
00
00
00
00
00
00
00
00
00
00
00
00
00
00
00
00
C0
00
60
00
60
00
00
00
70
00
00
00
01
0C
00
00
00
00
C0
F9
FF
00
E0
00
00
00
70
00
00
E0
03
1C
00
00
00
00
E0
30
60
00
70
20
00
00
70
C0
00
FE
33
0C
00
00
00
00
60
00
60
00
F0
7F
00
FC
FF
FF
81
7F
E0
0C
00
00
00
00
70
00
60
00
38
F0
00
0C
70
00
00
70
60
0C
00
00
00
00
30
06
60
00
1C
38
00
00
70
30
00
70
66
0C
00
00
00
00
18
FF
7F
00
0E
0C
00
F0
FF
7F
C0
FF
6F
0C
00
00
00
00
0C
67
60
00
06
0C
02
20
70
00
80
78
60
0C
00
00
00
00
FE
03
60
00
FF
FF
07
00
70
00
00
FC
61
0C
00
00
00
00
BC
01
60
83
07
06
07
00
70
80
03
FE
63
0C
00
00
00
00
C4
FE
FF
C7
06
06
03
FE
FF
FF
07
76
73
0C
00
00
00
00
60
04
06
20
06
06
03
C4
00
18
00
73
83
0C
00
00
00
00
60
18
86
00
06
06
03
C0
FF
3F
C0
71
82
0F
00
00
00
00
30
38
C6
01
06
06
03
C0
01
18
60
70
0E
0E
00
00
00
00
D8
77
E6
01
FE
FF
03
C0
01
18
00
30
06
08
00
00
00
00
FC
61
7E
00
06
00
07
80
01
18
00
00
06
1C
00
00
00
00
3C
60
1E
00
06
00
12
80
FF
1F
C0
FF
FF
3F
00
00
00
00
00
C0
1E
00
06
00
30
80
01
18
C0
80
0F
00
00
00
00
00
00
63
36
00
06
00
30
80
01
18
00
C0
1F
00
00
00
00
00
E0
39
76
00
06
00
30
80
FF
1F
00
E0
76
00
00
00
00
00
78
1E
E6
00
06
00
30
80
01
18
00
70
E6
00
00
00
00
00
3E
0F
C6
03
06
00
70
80
01
18
00
3C
C6
07
00
00
00
00
0C
06
C6
07
FE
FF
7F
C0
01
18
00
0E
86
7F
00
00
00
00
04
E0
87
01
FE
FF
3F
C0
81
1F
80
07
06
7E
00
00
00
00
00
C0
03
00
00
00
00
C0
01
1E
E0
01
06
18
00
00
00
00
00
80
03
00
00
00
00
C0
01
0C
20
00
06
00
00
00
00
00
00
00
00
00
00
00
00
00
00
00
00
00
00
00
00
00
00
00
