00
00
00
00
00
00
00
00
00
00
00
00
00
00
00
00
00
00
00
00
00
00
60
00
00
00
60
00
00
C0
01
00
00
00
00
00
80
01
00
00
E0
00
00
00
E0
00
00
C0
33
00
40
00
60
00
80
03
00
00
70
20
00
00
60
00
00
80
E1
00
C0
FF
7F
00
C0
01
00
00
F0
7F
00
00
60
00
00
80
C1
01
C0
60
70
00
C0
00
C0
01
38
F0
00
00
60
00
00
80
C1
03
C0
60
70
00
E0
F8
FF
03
1C
38
00
00
60
00
00
80
81
13
C0
60
70
00
60
3C
06
00
0E
0C
00
00
60
60
00
80
01
39
C0
FF
7F
00
30
1C
06
00
06
0C
02
80
60
E0
E0
FF
FF
7F
C0
60
70
00
38
0E
06
00
FF
FF
07
80
60
F0
40
80
39
00
C0
60
70
00
18
06
06
80
07
06
07
C0
60
70
00
C0
39
00
C0
60
70
00
FC
07
06
C0
06
06
03
C0
60
38
00
C0
39
06
C0
60
70
00
FC
03
06
20
06
06
03
E0
F0
0C
00
C0
38
0E
C0
FF
7F
00
8C
01
06
00
06
06
03
70
F0
06
00
C0
38
07
C0
60
70
00
C0
00
06
00
06
06
03
78
F0
03
00
C0
B8
03
40
60
B0
01
60
00
06
00
FE
FF
03
38
B0
01
00
E0
B8
03
FC
FF
FF
03
30
1C
06
00
06
00
07
00
38
03
00
E0
F8
01
08
F8
00
00
F8
07
06
00
06
00
12
00
38
07
00
60
F8
00
00
FC
01
00
FC
00
06
00
06
00
30
00
18
06
00
70
78
00
00
6E
03
00
18
00
06
00
06
00
30
00
1C
0C
00
30
38
30
00
66
07
00
00
1C
06
00
06
00
30
00
0E
1C
00
38
3C
30
00
67
0E
00
80
0F
06
00
06
00
30
00
06
38
00
1C
3F
30
80
61
3C
00
F8
01
86
03
06
00
70
00
03
F0
00
8E
3B
30
E0
60
F8
00
7C
FC
FF
07
FE
FF
7F
C0
01
E0
03
E6
38
30
70
60
F0
03
18
0C
00
00
FE
FF
3F
E0
00
C0
87
03
F8
7F
1C
60
E0
03
00
00
00
00
00
00
00
38
00
80
C1
01
F0
3F
04
60
80
00
00
00
00
00
00
00
00
0E
00
00
60
00
00
00
00
60
00
00
00
00
00
00
00
00
00
00
00
00
00
00
00
00
00
00
00
00
