00
00
00
00
00
00
00
00
00
00
00
00
00
00
00
00
00
00
00
00
00
00
60
00
00
00
00
00
00
18
60
00
00
00
00
00
80
01
00
00
E0
00
00
00
70
00
00
3C
F0
00
00
00
00
00
80
03
00
00
70
20
00
00
F0
00
00
1C
70
00
00
00
00
00
C0
01
00
00
F0
7F
00
00
60
00
00
0C
30
00
00
00
00
00
C0
00
C0
01
38
F0
00
00
60
00
00
0E
38
00
00
00
00
00
E0
F8
FF
03
1C
38
00
00
60
00
00
06
38
00
00
00
00
00
60
3C
06
00
0E
0C
00
00
60
00
00
87
19
38
00
00
00
00
30
1C
06
00
06
0C
02
00
60
00
00
FF
FF
7F
00
00
00
00
38
0E
06
00
FF
FF
07
70
60
E0
80
1B
0C
03
00
00
00
00
18
06
06
80
07
06
07
70
60
E0
80
19
06
03
00
00
00
00
FC
07
06
C0
06
06
03
30
60
E0
C0
18
06
03
00
00
00
00
FC
03
06
20
06
06
03
30
60
E0
60
18
03
03
00
00
00
00
8C
01
06
00
06
06
03
30
60
E0
20
98
01
03
00
00
00
00
C0
00
06
00
06
06
03
30
60
E0
00
98
00
03
00
00
00
00
60
00
06
00
FE
FF
03
30
60
E0
00
18
00
03
00
00
00
00
30
1C
06
00
06
00
07
30
60
E0
00
18
00
03
00
00
00
00
F8
07
06
00
06
00
12
30
60
E0
00
18
00
03
00
00
00
00
FC
00
06
00
06
00
30
30
60
E0
00
18
00
03
00
00
00
00
18
00
06
00
06
00
30
30
60
E0
00
18
00
03
00
00
00
00
00
1C
06
00
06
00
30
30
60
E0
00
18
00
03
00
00
00
00
80
0F
06
00
06
00
30
30
60
E0
00
18
00
03
00
00
00
00
F8
01
86
03
06
00
70
30
60
E0
00
18
00
03
00
00
00
00
7C
FC
FF
07
FE
FF
7F
F0
FF
FF
00
38
00
03
00
00
00
00
18
0C
00
00
FE
FF
3F
30
00
E0
00
38
F8
03
00
00
00
00
00
00
00
00
00
00
00
00
00
E0
00
38
C0
03
00
00
00
00
00
00
00
00
00
00
00
00
00
00
00
18
80
01
00
00
00
00
00
00
00
00
00
00
00
00
00
00
00
00
00
00
00
00
00
00
