00
00
00
00
00
00
00
00
00
00
00
00
00
00
00
00
00
00
00
00
00
00
60
00
00
60
00
02
00
00
00
00
00
00
00
00
80
01
00
00
E0
00
00
E0
80
62
00
00
00
06
00
00
00
00
80
03
00
00
70
20
00
60
FC
F7
00
FE
FF
0F
00
00
00
00
C0
01
00
00
F0
7F
00
60
C4
37
00
06
00
0F
00
00
00
00
C0
00
C0
01
38
F0
00
60
CC
9C
01
00
C0
03
00
00
00
00
E0
F8
FF
03
1C
38
00
60
FD
CC
03
00
E0
00
00
00
00
00
60
3C
06
00
0E
0C
00
FE
7B
F8
00
00
30
00
00
00
00
00
30
1C
06
00
06
0C
02
64
78
38
00
00
1E
00
00
00
00
00
38
0E
06
00
FF
FF
07
60
30
3C
00
00
0E
00
00
00
00
00
18
06
06
80
07
06
07
F0
F1
7F
00
00
0E
10
00
00
00
00
FC
07
06
C0
06
06
03
F0
5B
E0
01
00
06
38
00
00
00
00
FC
03
06
20
06
06
03
70
0F
C0
E7
FF
FF
7F
00
00
00
00
8C
01
06
00
06
06
03
70
0F
A0
47
00
06
00
00
00
00
00
C0
00
06
00
06
06
03
78
FE
7F
01
00
06
00
00
00
00
00
60
00
06
00
FE
FF
03
F8
3B
70
00
00
06
00
00
00
00
00
30
1C
06
00
06
00
07
EC
38
30
00
00
06
00
00
00
00
00
F8
07
06
00
06
00
12
6C
38
30
00
00
06
00
00
00
00
00
FC
00
06
00
06
00
30
66
F8
7F
00
00
06
00
00
00
00
00
18
00
06
00
06
00
30
62
38
38
00
00
06
00
00
00
00
00
00
1C
06
00
06
00
30
62
30
38
00
00
06
00
00
00
00
00
80
0F
06
00
06
00
30
60
60
18
00
00
06
00
00
00
00
00
F8
01
86
03
06
00
70
60
C0
08
00
00
06
00
00
00
00
00
7C
FC
FF
07
FE
FF
7F
60
C0
8C
01
30
06
00
00
00
00
00
18
0C
00
00
FE
FF
3F
E0
FF
FF
03
F0
07
00
00
00
00
00
00
00
00
00
00
00
00
60
03
00
00
80
07
00
00
00
00
00
00
00
00
00
00
00
00
60
00
00
00
00
03
00
00
00
00
00
00
00
00
00
00
00
00
00
00
00
00
00
00
00
00
00
00
00
