00
00
00
00
00
00
00
00
00
00
00
00
00
00
00
00
00
00
00
00
00
00
60
00
00
00
0E
07
00
00
00
00
00
00
00
00
80
01
00
00
E0
00
00
00
0E
0E
01
04
00
06
00
00
00
00
80
03
00
00
70
20
00
00
0E
86
01
FC
FF
07
00
00
00
00
C0
01
00
00
F0
7F
00
FE
FF
FF
03
0C
06
07
00
00
00
00
C0
00
C0
01
38
F0
00
0C
0E
06
00
0C
06
07
00
00
00
00
E0
F8
FF
03
1C
38
00
00
0E
06
00
0C
06
07
00
00
00
00
60
3C
06
00
0E
0C
00
00
0E
06
00
FC
FF
07
00
00
00
00
30
1C
06
00
06
0C
02
00
00
60
00
0C
06
07
00
00
00
00
38
0E
06
00
FF
FF
07
F0
FF
FF
00
0C
06
07
00
00
00
00
18
06
06
80
07
06
07
30
60
00
00
0C
06
07
00
00
00
00
FC
07
06
C0
06
06
03
C0
60
10
00
0C
06
07
00
00
00
00
FC
03
06
20
06
06
03
80
61
38
00
FC
FF
07
00
00
00
00
8C
01
06
00
06
06
03
80
63
38
00
0C
06
07
00
00
00
00
C0
00
06
00
06
06
03
00
67
1C
00
04
06
1B
00
00
00
00
60
00
06
00
FE
FF
03
00
67
0C
C0
FF
FF
3F
00
00
00
00
30
1C
06
00
06
00
07
00
67
06
81
80
0F
00
00
00
00
00
F8
07
06
00
06
00
12
00
62
82
03
C0
1F
00
00
00
00
00
FC
00
06
00
06
00
30
FE
FF
FF
03
E0
36
00
00
00
00
00
18
00
06
00
06
00
30
04
60
00
00
60
76
00
00
00
00
00
00
1C
06
00
06
00
30
00
60
00
00
70
E6
00
00
00
00
00
80
0F
06
00
06
00
30
00
60
00
00
18
C6
03
00
00
00
00
F8
01
86
03
06
00
70
00
60
00
00
0E
86
0F
00
00
00
00
7C
FC
FF
07
FE
FF
7F
00
60
00
00
07
06
3F
00
00
00
00
18
0C
00
00
FE
FF
3F
00
E0
00
C0
01
06
3E
00
00
00
00
00
00
00
00
00
00
00
00
E0
00
40
00
06
08
00
00
00
00
00
00
00
00
00
00
00
00
60
00
00
00
06
00
00
00
00
00
00
00
00
00
00
00
00
00
00
00
00
00
00
00
00
00
00
00
