00
00
00
00
00
00
00
00
00
00
00
00
00
00
00
00
00
00
00
00
00
00
00
03
00
00
06
00
00
00
00
03
00
10
C0
00
00
70
06
00
00
07
00
00
0E
00
00
FF
FF
07
00
3E
C0
01
00
FE
0E
00
80
03
00
00
07
02
00
02
06
00
E0
3F
C3
00
F8
7F
06
00
C0
01
00
00
FF
07
00
00
06
00
F8
07
CE
00
3C
C0
06
00
C2
00
04
80
03
0F
80
01
06
10
00
07
C6
00
98
E1
07
00
FE
FF
0F
C0
81
03
80
FF
FF
3F
00
67
C6
00
38
E3
06
00
06
00
0E
E0
C0
00
80
01
06
38
FC
FF
C6
00
30
67
06
00
06
00
0E
60
C0
20
C0
01
06
0C
88
07
C6
00
70
36
06
00
06
00
0E
F0
FF
7F
C0
FD
F6
07
C0
1F
C6
00
70
16
06
00
06
00
0E
78
60
70
C0
00
06
00
E0
3F
C6
00
20
58
06
00
06
00
0E
6C
60
30
00
00
06
00
60
37
C7
00
FC
FF
06
00
06
00
0E
62
60
30
00
FE
F6
03
30
37
C8
00
08
F0
06
00
06
00
0E
60
60
30
00
00
06
00
1C
27
F8
00
00
38
06
00
FE
FF
0F
60
60
30
00
00
02
03
06
E7
E0
00
00
0E
06
00
06
00
0E
E0
FF
3F
00
FF
FF
07
00
63
80
00
00
06
06
00
06
00
0E
60
00
70
00
02
00
07
00
60
C0
01
00
C6
06
00
06
00
0E
60
00
20
01
00
00
03
FC
FF
FF
03
00
7F
06
01
06
00
0E
60
00
00
03
00
00
03
0C
F8
00
00
FE
07
06
03
06
00
0E
60
00
00
03
00
00
03
00
FC
01
00
7E
06
06
03
06
00
0E
60
00
00
03
FE
FF
03
00
6E
07
00
0C
06
06
03
06
00
0E
60
00
00
03
04
00
03
00
67
0E
00
00
06
06
03
FE
FF
0F
60
00
00
07
00
00
03
C0
63
7C
00
00
06
06
03
06
00
0E
E0
FF
FF
07
00
00
03
E0
60
F8
07
F0
07
FE
07
06
00
0E
E0
FF
FF
03
FF
FF
07
78
60
E0
07
C0
07
FC
03
06
00
06
00
00
00
00
03
00
07
1E
60
80
01
00
03
00
00
00
00
00
00
00
00
00
00
00
07
02
60
00
00
00
00
00
00
00
00
00
00
00
00
00
00
00
00
00
00
00
00
