00
00
00
00
00
00
00
00
00
00
00
00
00
00
00
00
00
00
00
06
07
00
60
00
00
00
00
3C
00
E0
70
00
00
00
00
00
00
0E
06
00
E0
00
00
00
E0
3F
00
C0
70
00
00
00
00
00
00
06
C6
00
70
20
00
E0
FF
07
00
C0
70
18
00
00
00
00
F8
FF
FF
01
F0
7F
00
E0
61
00
C0
FF
FF
3F
00
00
00
00
30
06
06
00
38
F0
00
00
60
00
80
C0
70
00
00
00
00
00
00
06
06
00
1C
38
00
00
60
80
01
D8
76
00
00
00
00
00
00
06
06
00
0E
0C
00
FC
FF
FF
03
78
3E
00
00
00
00
00
00
06
06
03
06
0C
02
08
F8
01
00
1C
0C
18
00
00
00
00
FE
FF
FF
07
FF
FF
07
00
7C
03
00
FC
FF
3F
00
00
00
00
04
60
00
80
07
06
07
00
6E
06
00
0E
0C
00
00
00
00
00
40
60
20
C0
06
06
03
00
67
1C
00
0F
0C
06
00
00
00
00
C0
FF
7F
20
06
06
03
C0
61
F8
00
FF
FF
0F
00
00
00
00
C0
60
70
00
06
06
03
E0
60
F0
87
0D
0C
00
00
00
00
00
C0
60
30
00
06
06
03
B8
00
D8
C3
0C
0C
06
00
00
00
00
C0
60
30
00
FE
FF
03
9C
FF
3F
61
FC
FF
0F
00
00
00
00
C0
FF
3F
00
06
00
07
86
01
18
00
0C
0C
00
00
00
00
00
C0
60
30
00
06
00
12
80
01
18
00
0C
0C
18
00
00
00
00
C0
60
30
00
06
00
30
80
01
18
00
FC
FF
3F
00
00
00
00
C0
60
30
00
06
00
30
80
01
18
00
0C
00
00
00
00
00
00
C0
FF
3F
00
06
00
30
80
FF
1F
00
40
30
04
00
00
00
00
C0
0E
31
00
06
00
30
80
01
18
00
C4
60
1C
00
00
00
00
40
0F
0F
00
06
00
70
80
01
18
00
86
E1
38
00
00
00
00
80
03
7C
00
FE
FF
7F
80
01
18
00
86
E3
38
00
00
00
00
E0
01
F0
00
FE
FF
3F
80
FF
1F
80
87
C3
30
00
00
00
00
78
00
C0
01
00
00
00
80
01
18
80
03
41
10
00
00
00
00
1C
00
80
01
00
00
00
80
01
18
00
00
00
00
00
00
00
00
00
00
00
00
00
00
00
00
00
00
00
00
00
00
00
00
00
00
