00
00
00
00
00
00
00
00
00
00
00
00
00
00
00
00
00
00
00
06
07
00
60
00
00
00
0E
06
00
00
00
00
00
00
00
00
00
0E
06
00
E0
00
00
00
0E
0E
00
04
00
06
00
00
00
00
00
06
C6
00
70
20
00
00
0E
06
01
FC
FF
07
00
00
00
00
F8
FF
FF
01
F0
7F
00
00
0E
86
03
0C
06
07
00
00
00
00
30
06
06
00
38
F0
00
FE
FF
FF
03
0C
06
07
00
00
00
00
00
06
06
00
1C
38
00
04
0E
06
00
0C
06
07
00
00
00
00
00
06
06
00
0E
0C
00
00
1E
06
00
FC
FF
07
00
00
00
00
00
06
06
03
06
0C
02
00
7E
06
00
0C
06
07
00
00
00
00
FE
FF
FF
07
FF
FF
07
00
E0
00
00
0C
06
07
00
00
00
00
04
60
00
80
07
06
07
00
C0
01
01
0C
06
07
00
00
00
00
40
60
20
C0
06
06
03
00
C0
80
03
0C
06
07
00
00
00
00
C0
FF
7F
20
06
06
03
FE
FF
FF
03
FC
FF
07
00
00
00
00
C0
60
70
00
06
06
03
84
01
00
00
0C
06
07
00
00
00
00
C0
60
30
00
06
06
03
80
01
00
00
04
06
1B
00
00
00
00
C0
60
30
00
FE
FF
03
80
01
00
C0
FF
FF
3F
00
00
00
00
C0
FF
3F
00
06
00
07
80
01
00
80
80
0F
00
00
00
00
00
C0
60
30
00
06
00
12
80
01
00
00
C0
1F
00
00
00
00
00
C0
60
30
00
06
00
30
80
01
00
00
E0
36
00
00
00
00
00
C0
60
30
00
06
00
30
80
01
00
00
60
76
00
00
00
00
00
C0
FF
3F
00
06
00
30
80
01
00
00
70
E6
00
00
00
00
00
C0
0E
31
00
06
00
30
80
01
00
00
18
C6
03
00
00
00
00
40
0F
0F
00
06
00
70
80
01
00
00
0E
86
0F
00
00
00
00
80
03
7C
00
FE
FF
7F
80
01
60
00
07
06
3F
00
00
00
00
E0
01
F0
00
FE
FF
3F
C0
FF
FF
C0
01
06
3E
00
00
00
00
78
00
C0
01
00
00
00
80
01
00
40
00
06
08
00
00
00
00
1C
00
80
01
00
00
00
00
00
00
00
00
06
00
00
00
00
00
00
00
00
00
00
00
00
00
00
00
00
00
00
00
00
00
00
00
