00
00
00
00
00
00
00
00
00
00
00
00
00
00
00
00
00
00
00
06
07
00
60
00
00
00
00
0E
00
00
01
0C
00
00
00
00
00
0E
06
00
E0
00
00
18
06
0E
00
E0
03
1C
00
00
60
00
00
06
C6
00
70
20
00
F0
0F
8E
00
FE
33
0C
E0
FF
FF
00
F8
FF
FF
01
F0
7F
00
30
36
CE
81
7F
E0
0C
60
00
F0
00
30
06
06
00
38
F0
00
30
66
CE
01
70
60
0C
00
00
3C
00
00
06
06
00
1C
38
00
30
E6
CE
00
70
66
0C
00
00
0E
00
00
06
06
00
0E
0C
00
30
C6
6F
C0
FF
6F
0C
00
00
03
00
00
06
06
03
06
0C
02
F0
C7
6F
80
78
60
0C
00
E0
01
00
FE
FF
FF
07
FF
FF
07
30
C6
3E
00
FC
61
0C
00
E0
00
00
04
60
00
80
07
06
07
30
06
9E
01
FE
63
0C
00
E0
00
01
40
60
20
C0
06
06
03
30
F6
FF
03
76
73
0C
00
60
80
03
C0
FF
7F
20
06
06
03
30
26
0E
00
73
83
0C
FE
FF
FF
07
C0
60
70
00
06
06
03
30
06
0E
C0
71
82
0F
04
60
00
00
C0
60
30
00
06
06
03
F0
07
0E
60
70
0E
0E
00
60
00
00
C0
60
30
00
FE
FF
03
38
06
0E
03
30
06
08
00
60
00
00
C0
FF
3F
00
06
00
07
38
FE
FF
07
00
06
1C
00
60
00
00
C0
60
30
00
06
00
12
38
16
0E
C0
FF
FF
3F
00
60
00
00
C0
60
30
00
06
00
30
18
06
0E
C0
80
0F
00
00
60
00
00
C0
60
30
00
06
00
30
18
06
0E
00
C0
1F
00
00
60
00
00
C0
FF
3F
00
06
00
30
18
06
0E
00
E0
76
00
00
60
00
00
C0
0E
31
00
06
00
30
18
06
0E
00
70
E6
00
00
60
00
00
40
0F
0F
00
06
00
70
0C
06
0E
00
3C
C6
07
00
60
00
00
80
03
7C
00
FE
FF
7F
CC
07
0E
00
0E
86
7F
00
63
00
00
E0
01
F0
00
FE
FF
3F
84
07
0E
80
07
06
7E
00
7F
00
00
78
00
C0
01
00
00
00
06
03
0E
E0
01
06
18
00
78
00
00
1C
00
80
01
00
00
00
02
00
06
20
00
06
00
00
30
00
00
00
00
00
00
00
00
00
00
00
00
00
00
00
00
00
00
00
00
